# V/R^3 theta S/R | F_soulie/(2piRg) | F_willett/(2piRg) | ratio | S_rupture/R (Lian)
  1e-04    0   0.0000 | 0.9021 | 1.0000 | 0.902 | 0.0464
  1e-04    0   0.0116 | 0.1927 | 0.1791 | 1.076 | 0.0464
  1e-04    0   0.0232 | 0.0608 | 0.0592 | 1.028 | 0.0464
  1e-04    0   0.0418 | 0.0327 | 0.0204 | 1.605 | 0.0464
  1e-04   20   0.0000 | 0.9460 | 0.9397 | 1.007 | 0.0545
  1e-04   20   0.0136 | 0.1575 | 0.1328 | 1.186 | 0.0545
  1e-04   20   0.0273 | 0.0483 | 0.0419 | 1.153 | 0.0545
  1e-04   20   0.0491 | 0.0315 | 0.0142 | 2.221 | 0.0545
  1e-04   40   0.0000 | 1.0913 | 0.7660 | 1.425 | 0.0626
  1e-04   40   0.0157 | 0.1403 | 0.0873 | 1.606 | 0.0626
  1e-04   40   0.0313 | 0.0420 | 0.0266 | 1.580 | 0.0626
  1e-04   40   0.0564 | 0.0310 | 0.0089 | 3.494 | 0.0626
  1e-03    0   0.0000 | 0.8879 | 1.0000 | 0.888 | 0.1000
  1e-03    0   0.0250 | 0.3261 | 0.2948 | 1.106 | 0.1000
  1e-03    0   0.0500 | 0.1334 | 0.1122 | 1.189 | 0.1000
  1e-03    0   0.0900 | 0.0510 | 0.0413 | 1.235 | 0.1000
  1e-03   20   0.0000 | 0.8944 | 0.9397 | 0.952 | 0.1175
  1e-03   20   0.0294 | 0.2780 | 0.2275 | 1.222 | 0.1175
  1e-03   20   0.0587 | 0.1026 | 0.0812 | 1.263 | 0.1175
  1e-03   20   0.1057 | 0.0421 | 0.0290 | 1.455 | 0.1175
  1e-03   40   0.0000 | 0.9143 | 0.7660 | 1.194 | 0.1349
  1e-03   40   0.0337 | 0.2409 | 0.1543 | 1.561 | 0.1349
  1e-03   40   0.0675 | 0.0819 | 0.0524 | 1.563 | 0.1349
  1e-03   40   0.1214 | 0.0377 | 0.0183 | 2.059 | 0.1349
  1e-02    0   0.0000 | 0.8740 | 1.0000 | 0.874 | 0.2154
  1e-02    0   0.0539 | 0.4599 | 0.4365 | 1.053 | 0.2154
  1e-02    0   0.1077 | 0.2501 | 0.1987 | 1.259 | 0.2154
  1e-02    0   0.1939 | 0.1073 | 0.0804 | 1.335 | 0.2154
  1e-02   20   0.0000 | 0.8460 | 0.9397 | 0.900 | 0.2530
  1e-02   20   0.0633 | 0.3997 | 0.3526 | 1.133 | 0.2530
  1e-02   20   0.1265 | 0.1990 | 0.1484 | 1.340 | 0.2530
  1e-02   20   0.2277 | 0.0806 | 0.0574 | 1.402 | 0.2530
  1e-02   40   0.0000 | 0.7675 | 0.7660 | 1.002 | 0.2906
  1e-02   40   0.0727 | 0.3275 | 0.2485 | 1.318 | 0.2906
  1e-02   40   0.1453 | 0.1517 | 0.0981 | 1.546 | 0.2906
  1e-02   40   0.2616 | 0.0618 | 0.0367 | 1.682 | 0.2906
  5e-02    0   0.0000 | 0.8644 | 1.0000 | 0.864 | 0.3684
  5e-02    0   0.0921 | 0.5408 | 0.5386 | 1.004 | 0.3684
  5e-02    0   0.1842 | 0.3436 | 0.2808 | 1.224 | 0.3684
  5e-02    0   0.3316 | 0.1753 | 0.1242 | 1.412 | 0.3684
  5e-02   20   0.0000 | 0.8139 | 0.9397 | 0.866 | 0.4327
  5e-02   20   0.1082 | 0.4707 | 0.4490 | 1.049 | 0.4327
  5e-02   20   0.2164 | 0.2790 | 0.2157 | 1.293 | 0.4327
  5e-02   20   0.3894 | 0.1319 | 0.0903 | 1.462 | 0.4327
  5e-02   40   0.0000 | 0.6801 | 0.7660 | 0.888 | 0.4970
  5e-02   40   0.1243 | 0.3662 | 0.3252 | 1.126 | 0.4970
  5e-02   40   0.2485 | 0.2053 | 0.1458 | 1.408 | 0.4970
  5e-02   40   0.4473 | 0.0943 | 0.0585 | 1.613 | 0.4970
